7 
s 6.000 -11.000 13.000 5.000 5.000 5.000 0.000 0.000 0.000 4 t f               Esfera
s -7.000 -8.000 -8.000 6.000 6.000 6.000 0.000 0.000 0.000 15 t f           Esfera
c 0.000 0.000 -34.000 40.000 1.000 40.000 90.000 0.000 0.000 20 t f      Cubo
c -19.000 -3.000 -7.000 33.000 1.000 54.000 0.000 0.000 90.000 16 t t      Cubo
c 20.000 -3.000 -6.000 33.000 1.000 53.000 0.000 0.000 90.000 24 t f      Cubo
c 0.500 13.000 -8.000 40.000 1.000 57.000 0.000 0.000 0.000 20 t f      Cubo
c 0.500 -20.000 -9.000 40.000 1.000 58.000 0.000 0.000 0.000 26 t f      Cubo

2
a 1.000 1.000 1.000 f               Ambient Light
o 1.000 1.000 1.000 0.475 0.475 0.475 0.800 0.800 0.800 -2.000 10.000 19.000 1.000 0.000 0.000 t t t               Pontual Light
